
ag_who_labels <- c(
  "D614G"                  = "D614G",
  "B.1.1.7"                = "B.1.1.7 (__Alpha__)",
  "B.1.1.7+E484K"          = "B.1.1.7+E484K",
  "P.1"                    = "P.1 (__Gamma__)",
  "B.1.351"                = "B.1.351 (__Beta__)",
  "B.1.429"                = "B.1.429 (__Epsilon__)",
  "B.1.526+E484K"          = "B.1.526+E484K (__Iota__)",
  "B.1.617.1"              = "B.1.617.1 (__Kappa__)",
  "B.1.617.2"              = "B.1.617.2 (__Delta__)",
  "B.1.617.2+K417N"        = "B.1.617.2+K417N",
  "B.1.617.2 (AY.1)+K417N" = "B.1.617.2 (AY.1)+K417N",
  "B.1.617.2 (AY.2)+K417N" = "B.1.617.2 (AY.2)+K417N",
  "B.1.617.2 (AY.3)+E484Q" = "B.1.617.2 (AY.3)+E484Q",
  "B.1.621"                = "B.1.621 (__Mu__)",
  "C.37"                   = "C.37 (__Lambda__)",
  "BA.1"                   = "BA.1 (__Omicron__)",
  "BA.1.1"                 = "BA.1.1 (__Omicron__)",
  "BA.2"                   = "BA.2 (__Omicron__)",
  "BA.2.12.1"              = "BA.2.12.1 (__Omicron__)",
  "BA.3"                   = "BA.3 (__Omicron__)",
  "BA.4/BA.5"              = "BA.4/BA.5 (__Omicron__)"
)
