
wt_slope_comparison_cols <- c(
  "D614G" = "grey20",
  "2x mRNA-1273" = "#1f78b4",
  "3x mRNA-1273 BD01" = "#00aaaa",
  "3x mRNA-1273 BD29" = "#ff7f00",
  "3x mRNA-1273 (6 month)" = "#d7191c"
)
